{
 "cells": [
  {
   "cell_type": "code",
   "execution_count": 7,
   "id": "a796d999-5dbb-4393-9155-3ad1d0937caf",
   "metadata": {},
   "outputs": [
    {
     "name": "stderr",
     "output_type": "stream",
     "text": [
      "Warning: You are sending unauthenticated requests to the HF Hub. Please set a HF_TOKEN to enable higher rate limits and faster downloads.\n"
     ]
    },
    {
     "data": {
      "application/vnd.jupyter.widget-view+json": {
       "model_id": "174e27102fd44a40bcba5166ec4602ac",
       "version_major": 2,
       "version_minor": 0
      },
      "text/plain": [
       "model.safetensors:   0%|          | 0.00/8.44G [00:00<?, ?B/s]"
      ]
     },
     "metadata": {},
     "output_type": "display_data"
    },
    {
     "data": {
      "application/vnd.jupyter.widget-view+json": {
       "model_id": "ec392dffd5ac4d07bdbe55d8fa2861b2",
       "version_major": 2,
       "version_minor": 0
      },
      "text/plain": [
       "Loading weights:   0%|          | 0/4533 [00:00<?, ?it/s]"
      ]
     },
     "metadata": {},
     "output_type": "display_data"
    },
    {
     "name": "stderr",
     "output_type": "stream",
     "text": [
      "IOPub message rate exceeded.\n",
      "The Jupyter server will temporarily stop sending output\n",
      "to the client in order to avoid crashing it.\n",
      "To change this limit, set the config variable\n",
      "`--ServerApp.iopub_msg_rate_limit`.\n",
      "\n",
      "Current values:\n",
      "ServerApp.iopub_msg_rate_limit=1000.0 (msgs/sec)\n",
      "ServerApp.rate_limit_window=3.0 (secs)\n",
      "\n",
      "IOPub message rate exceeded.\n",
      "The Jupyter server will temporarily stop sending output\n",
      "to the client in order to avoid crashing it.\n",
      "To change this limit, set the config variable\n",
      "`--ServerApp.iopub_msg_rate_limit`.\n",
      "\n",
      "Current values:\n",
      "ServerApp.iopub_msg_rate_limit=1000.0 (msgs/sec)\n",
      "ServerApp.rate_limit_window=3.0 (secs)\n",
      "\n",
      "C:\\Users\\muham\\anaconda3\\envs\\esmfold\\Lib\\site-packages\\huggingface_hub\\file_download.py:129: UserWarning: `huggingface_hub` cache-system uses symlinks by default to efficiently store duplicated files but your machine does not support them in C:\\Users\\muham\\.cache\\huggingface\\hub\\models--facebook--esmfold_v1. Caching files will still work but in a degraded version that might require more space on your disk. This warning can be disabled by setting the `HF_HUB_DISABLE_SYMLINKS_WARNING` environment variable. For more details, see https://huggingface.co/docs/huggingface_hub/how-to-cache#limitations.\n",
      "To support symlinks on Windows, you either need to activate Developer Mode or to run Python as an administrator. In order to activate developer mode, see this article: https://docs.microsoft.com/en-us/windows/apps/get-started/enable-your-device-for-development\n",
      "  warnings.warn(message)\n"
     ]
    }
   ],
   "source": [
    "import torch\n",
    "from transformers import EsmForProteinFolding, AutoTokenizer\n",
    "\n",
    "model_name = \"facebook/esmfold_v1\"\n",
    "\n",
    "tokenizer = AutoTokenizer.from_pretrained(model_name)\n",
    "model = EsmForProteinFolding.from_pretrained(model_name)\n",
    "\n",
    "model = model.eval().cuda()  # use GPU if available"
   ]
  },
  {
   "cell_type": "code",
   "execution_count": 9,
   "id": "a35f484b-f946-4557-80e2-cb3723228998",
   "metadata": {},
   "outputs": [
    {
     "name": "stdout",
     "output_type": "stream",
     "text": [
      "EsmForProteinFoldingOutput(frames=tensor([[[[  0.7006,  -0.5129,  -0.4951,  ...,   3.7837,  -6.8938, -15.7226],\n",
      "          [  0.5657,  -0.1848,  -0.2745,  ...,   6.7801,  -5.2986, -14.7433],\n",
      "          [  0.0700,   0.3124,   0.1122,  ...,   5.7530,  -2.1410, -15.6275],\n",
      "          ...,\n",
      "          [  0.5083,  -0.7990,  -0.1107,  ...,   7.4968,   8.9780,   9.5001],\n",
      "          [  0.5005,  -0.4013,   0.2604,  ...,  10.2665,  11.7451,   8.1962],\n",
      "          [  0.3113,   0.5152,   0.4801,  ...,   9.3955,  13.1392,   5.9311]]],\n",
      "\n",
      "\n",
      "        [[[  0.7219,  -0.5038,  -0.4728,  ...,   4.0272,  -6.6435, -15.7351],\n",
      "          [  0.5894,  -0.1876,  -0.2626,  ...,   6.6005,  -5.2060, -14.0674],\n",
      "          [  0.0696,   0.3051,   0.1348,  ...,   5.2725,  -2.1679, -15.0238],\n",
      "          ...,\n",
      "          [  0.5339,  -0.7830,  -0.1061,  ...,   7.2336,   8.7893,   8.9076],\n",
      "          [  0.5187,  -0.4118,   0.2533,  ...,   9.9242,  11.5918,   8.4737],\n",
      "          [  0.3332,   0.5122,   0.4855,  ...,   9.0131,  13.3357,   6.1246]]],\n",
      "\n",
      "\n",
      "        [[[  0.7274,  -0.4981,  -0.4704,  ...,   3.7227,  -6.6513, -15.3866],\n",
      "          [  0.5874,  -0.1954,  -0.2649,  ...,   6.4444,  -5.2690, -13.7419],\n",
      "          [  0.0727,   0.3084,   0.1343,  ...,   5.2791,  -2.1459, -14.7624],\n",
      "          ...,\n",
      "          [  0.5351,  -0.7821,  -0.1001,  ...,   7.1476,   8.5930,   8.9066],\n",
      "          [  0.5200,  -0.4109,   0.2538,  ...,   9.7055,  11.3419,   8.3283],\n",
      "          [  0.3336,   0.5127,   0.4814,  ...,   8.4893,  13.1449,   6.0743]]],\n",
      "\n",
      "\n",
      "        ...,\n",
      "\n",
      "\n",
      "        [[[  0.7317,  -0.5011,  -0.4609,  ...,   3.6652,  -6.5210, -15.6837],\n",
      "          [  0.5929,  -0.1936,  -0.2659,  ...,   6.4478,  -5.0666, -14.0330],\n",
      "          [  0.0753,   0.3092,   0.1331,  ...,   5.2924,  -2.0511, -14.9350],\n",
      "          ...,\n",
      "          [  0.5339,  -0.7804,  -0.1089,  ...,   7.2206,   8.8643,   8.7087],\n",
      "          [  0.5142,  -0.4053,   0.2400,  ...,   9.6350,  11.6727,   8.2375],\n",
      "          [  0.3187,   0.5103,   0.4765,  ...,   8.0177,  13.6215,   5.8693]]],\n",
      "\n",
      "\n",
      "        [[[  0.7314,  -0.4945,  -0.4685,  ...,   3.6148,  -6.4854, -15.5550],\n",
      "          [  0.5933,  -0.1856,  -0.2693,  ...,   6.5975,  -4.9982, -13.9820],\n",
      "          [  0.0750,   0.3121,   0.1310,  ...,   5.3845,  -1.8371, -15.0303],\n",
      "          ...,\n",
      "          [  0.5334,  -0.7762,  -0.1180,  ...,   7.2308,   8.7912,   8.7095],\n",
      "          [  0.5237,  -0.4007,   0.2303,  ...,   9.8408,  11.6873,   8.3437],\n",
      "          [  0.3203,   0.5108,   0.4787,  ...,   8.0126,  13.5859,   5.6098]]],\n",
      "\n",
      "\n",
      "        [[[  0.7291,  -0.5011,  -0.4647,  ...,   3.5901,  -6.5334, -15.4419],\n",
      "          [  0.5823,  -0.1891,  -0.2686,  ...,   6.7136,  -4.9474, -13.8817],\n",
      "          [  0.0662,   0.3128,   0.1255,  ...,   5.4558,  -1.6876, -15.0591],\n",
      "          ...,\n",
      "          [  0.5424,  -0.7772,  -0.1022,  ...,   7.2300,   8.7630,   8.7687],\n",
      "          [  0.5199,  -0.4083,   0.2488,  ...,  10.0089,  11.5602,   8.3979],\n",
      "          [  0.3293,   0.5020,   0.4856,  ...,   8.1099,  13.3413,   5.5157]]]],\n",
      "       device='cuda:0'), sidechain_frames=tensor([[[[[[ 5.0789e-01,  4.6491e-01, -7.2520e-01,  3.7837e+00],\n",
      "            [ 5.5091e-01,  4.7189e-01,  6.8835e-01, -6.8938e+00],\n",
      "            [ 6.6223e-01, -7.4912e-01, -1.6459e-02, -1.5723e+01],\n",
      "            [ 0.0000e+00,  0.0000e+00,  0.0000e+00,  1.0000e+00]],\n",
      "\n",
      "           [[ 5.0789e-01,  2.0453e-01,  8.3679e-01,  3.7837e+00],\n",
      "            [ 5.5091e-01, -8.2390e-01, -1.3299e-01, -6.8938e+00],\n",
      "            [ 6.6223e-01,  5.2854e-01, -5.3113e-01, -1.5723e+01],\n",
      "            [ 0.0000e+00,  0.0000e+00,  0.0000e+00,  1.0000e+00]],\n",
      "\n",
      "           [[ 2.5308e-01, -9.6723e-01,  2.0498e-02,  4.1533e+00],\n",
      "            [ 2.4425e-01,  8.4382e-02,  9.6603e-01, -6.5371e+00],\n",
      "            [-9.3611e-01, -2.3948e-01,  2.5760e-01, -1.7089e+01],\n",
      "            [ 0.0000e+00,  0.0000e+00,  0.0000e+00,  1.0000e+00]],\n",
      "\n",
      "           ...,\n",
      "\n",
      "           [[-7.9154e-01,  5.2229e-01,  3.1731e-01,  2.8316e+00],\n",
      "            [-4.8460e-01, -8.5277e-01,  1.9480e-01, -9.1176e+00],\n",
      "            [ 3.7233e-01,  4.2091e-04,  9.2810e-01, -1.4902e+01],\n",
      "            [ 0.0000e+00,  0.0000e+00,  0.0000e+00,  1.0000e+00]],\n",
      "\n",
      "           [[ 1.7919e-01,  3.1124e-01, -9.3329e-01,  3.1604e+00],\n",
      "            [-9.7336e-01,  1.9400e-01, -1.2219e-01, -1.0904e+01],\n",
      "            [ 1.4303e-01,  9.3032e-01,  3.3771e-01, -1.4639e+01],\n",
      "            [ 0.0000e+00,  0.0000e+00,  0.0000e+00,  1.0000e+00]],\n",
      "\n",
      "           [[ 0.0000e+00,  0.0000e+00,  0.0000e+00,  3.1604e+00],\n",
      "            [ 0.0000e+00,  0.0000e+00,  0.0000e+00, -1.0904e+01],\n",
      "            [ 0.0000e+00,  0.0000e+00,  0.0000e+00, -1.4639e+01],\n",
      "            [ 0.0000e+00,  0.0000e+00,  0.0000e+00,  1.0000e+00]]],\n",
      "\n",
      "\n",
      "          [[[-2.9159e-01, -7.5317e-01, -5.8967e-01,  6.7801e+00],\n",
      "            [ 9.5603e-01, -2.0916e-01, -2.0559e-01, -5.2986e+00],\n",
      "            [ 3.1512e-02, -6.2369e-01,  7.8104e-01, -1.4743e+01],\n",
      "            [ 0.0000e+00,  0.0000e+00,  0.0000e+00,  1.0000e+00]],\n",
      "\n",
      "           [[-2.9159e-01,  9.4400e-01, -1.5440e-01,  6.7801e+00],\n",
      "            [ 9.5603e-01,  2.9293e-01, -1.4530e-02, -5.2986e+00],\n",
      "            [ 3.1512e-02, -1.5185e-01, -9.8790e-01, -1.4743e+01],\n",
      "            [ 0.0000e+00,  0.0000e+00,  0.0000e+00,  1.0000e+00]],\n",
      "\n",
      "           [[-5.9755e-01, -1.0079e-01, -7.9547e-01,  5.9077e+00],\n",
      "            [-5.3954e-01, -6.8334e-01,  4.9188e-01, -6.0863e+00],\n",
      "            [-5.9316e-01,  7.2311e-01,  3.5395e-01, -1.5609e+01],\n",
      "            [ 0.0000e+00,  0.0000e+00,  0.0000e+00,  1.0000e+00]],\n",
      "\n",
      "           ...,\n",
      "\n",
      "           [[ 5.8407e-01,  7.8978e-01,  1.8737e-01,  9.1199e+00],\n",
      "            [-5.6602e-01,  2.3083e-01,  7.9141e-01, -6.2497e+00],\n",
      "            [ 5.8179e-01, -5.6830e-01,  5.8186e-01, -1.4333e+01],\n",
      "            [ 0.0000e+00,  0.0000e+00,  0.0000e+00,  1.0000e+00]],\n",
      "\n",
      "           [[ 9.4902e-01,  2.5102e-01, -1.9068e-01,  1.0566e+01],\n",
      "            [ 7.0117e-03, -6.2156e-01, -7.8334e-01, -6.2390e+00],\n",
      "            [-3.1515e-01,  7.4206e-01, -5.9163e-01, -1.4813e+01],\n",
      "            [ 0.0000e+00,  0.0000e+00,  0.0000e+00,  1.0000e+00]],\n",
      "\n",
      "           [[ 5.8244e-01,  7.9004e-01,  1.9131e-01,  1.1452e+01],\n",
      "            [-5.7542e-01,  2.3448e-01,  7.8352e-01, -7.1152e+00],\n",
      "            [ 5.7416e-01, -5.6644e-01,  5.9118e-01, -1.3939e+01],\n",
      "            [ 0.0000e+00,  0.0000e+00,  0.0000e+00,  1.0000e+00]]],\n",
      "\n",
      "\n",
      "          [[[-7.9503e-01, -6.1549e-02,  6.0344e-01,  5.7530e+00],\n",
      "            [ 2.0171e-01, -9.6505e-01,  1.6732e-01, -2.1410e+00],\n",
      "            [ 5.7205e-01,  2.5474e-01,  7.7966e-01, -1.5628e+01],\n",
      "            [ 0.0000e+00,  0.0000e+00,  0.0000e+00,  1.0000e+00]],\n",
      "\n",
      "           [[-7.9503e-01, -3.9588e-01, -4.5957e-01,  5.7530e+00],\n",
      "            [ 2.0171e-01,  5.4199e-01, -8.1582e-01, -2.1410e+00],\n",
      "            [ 5.7205e-01, -7.4130e-01, -3.5105e-01, -1.5628e+01],\n",
      "            [ 0.0000e+00,  0.0000e+00,  0.0000e+00,  1.0000e+00]],\n",
      "\n",
      "           [[ 2.2423e-01,  9.5500e-01, -1.9418e-01,  6.0801e+00],\n",
      "            [-9.7389e-01,  2.2683e-01, -8.9993e-03, -3.5617e+00],\n",
      "            [ 3.5451e-02,  1.9112e-01,  9.8093e-01, -1.5576e+01],\n",
      "            [ 0.0000e+00,  0.0000e+00,  0.0000e+00,  1.0000e+00]],\n",
      "\n",
      "           ...,\n",
      "\n",
      "           [[-0.0000e+00, -0.0000e+00, -0.0000e+00,  5.4789e+00],\n",
      "            [ 0.0000e+00,  0.0000e+00,  0.0000e+00, -1.6831e+00],\n",
      "            [ 0.0000e+00,  0.0000e+00,  0.0000e+00, -1.7072e+01],\n",
      "            [ 0.0000e+00,  0.0000e+00,  0.0000e+00,  1.0000e+00]],\n",
      "\n",
      "           [[-0.0000e+00, -0.0000e+00, -0.0000e+00,  5.4789e+00],\n",
      "            [ 0.0000e+00,  0.0000e+00,  0.0000e+00, -1.6831e+00],\n",
      "            [ 0.0000e+00,  0.0000e+00,  0.0000e+00, -1.7072e+01],\n",
      "            [ 0.0000e+00,  0.0000e+00,  0.0000e+00,  1.0000e+00]],\n",
      "\n",
      "           [[-0.0000e+00, -0.0000e+00, -0.0000e+00,  5.4789e+00],\n",
      "            [ 0.0000e+00,  0.0000e+00,  0.0000e+00, -1.6831e+00],\n",
      "            [ 0.0000e+00,  0.0000e+00,  0.0000e+00, -1.7072e+01],\n",
      "            [ 0.0000e+00,  0.0000e+00,  0.0000e+00,  1.0000e+00]]],\n",
      "\n",
      "\n",
      "          ...,\n",
      "\n",
      "\n",
      "          [[[ 7.9352e-01, -1.2981e-01, -5.9454e-01,  7.4968e+00],\n",
      "            [ 4.8349e-01, -4.5881e-01,  7.4547e-01,  8.9780e+00],\n",
      "            [-3.6956e-01, -8.7900e-01, -3.0131e-01,  9.5001e+00],\n",
      "            [ 0.0000e+00,  0.0000e+00,  0.0000e+00,  1.0000e+00]],\n",
      "\n",
      "           [[ 7.9352e-01,  5.2464e-01,  3.0836e-01,  7.4968e+00],\n",
      "            [ 4.8349e-01, -2.3581e-01, -8.4299e-01,  8.9780e+00],\n",
      "            [-3.6956e-01,  8.1801e-01, -4.4077e-01,  9.5001e+00],\n",
      "            [ 0.0000e+00,  0.0000e+00,  0.0000e+00,  1.0000e+00]],\n",
      "\n",
      "           [[-4.0636e-01, -9.0172e-01,  1.4754e-01,  6.9033e+00],\n",
      "            [-6.0193e-01,  3.8567e-01,  6.9924e-01,  8.0988e+00],\n",
      "            [-6.8742e-01,  1.9533e-01, -6.9950e-01,  8.4960e+00],\n",
      "            [ 0.0000e+00,  0.0000e+00,  0.0000e+00,  1.0000e+00]],\n",
      "\n",
      "           ...,\n",
      "\n",
      "           [[ 0.0000e+00,  0.0000e+00,  0.0000e+00,  7.4968e+00],\n",
      "            [ 0.0000e+00,  0.0000e+00,  0.0000e+00,  8.9780e+00],\n",
      "            [-0.0000e+00, -0.0000e+00, -0.0000e+00,  9.5001e+00],\n",
      "            [ 0.0000e+00,  0.0000e+00,  0.0000e+00,  1.0000e+00]],\n",
      "\n",
      "           [[ 0.0000e+00,  0.0000e+00,  0.0000e+00,  7.4968e+00],\n",
      "            [ 0.0000e+00,  0.0000e+00,  0.0000e+00,  8.9780e+00],\n",
      "            [-0.0000e+00, -0.0000e+00, -0.0000e+00,  9.5001e+00],\n",
      "            [ 0.0000e+00,  0.0000e+00,  0.0000e+00,  1.0000e+00]],\n",
      "\n",
      "           [[ 0.0000e+00,  0.0000e+00,  0.0000e+00,  7.4968e+00],\n",
      "            [ 0.0000e+00,  0.0000e+00,  0.0000e+00,  8.9780e+00],\n",
      "            [-0.0000e+00, -0.0000e+00, -0.0000e+00,  9.5001e+00],\n",
      "            [ 0.0000e+00,  0.0000e+00,  0.0000e+00,  1.0000e+00]]],\n",
      "\n",
      "\n",
      "          [[[-1.7701e-01, -9.3126e-01, -3.1846e-01,  1.0266e+01],\n",
      "            [ 5.1321e-01, -3.6344e-01,  7.7751e-01,  1.1745e+01],\n",
      "            [-8.3981e-01, -2.5808e-02,  5.4227e-01,  8.1962e+00],\n",
      "            [ 0.0000e+00,  0.0000e+00,  0.0000e+00,  1.0000e+00]],\n",
      "\n",
      "           [[-1.7701e-01,  8.6588e-01, -4.6789e-01,  1.0266e+01],\n",
      "            [ 5.1321e-01, -3.2445e-01, -7.9457e-01,  1.1745e+01],\n",
      "            [-8.3981e-01, -3.8078e-01, -3.8695e-01,  8.1962e+00],\n",
      "            [ 0.0000e+00,  0.0000e+00,  0.0000e+00,  1.0000e+00]],\n",
      "\n",
      "           [[-7.8657e-01,  8.9729e-02, -6.1095e-01,  9.1226e+00],\n",
      "            [-5.3601e-01,  3.9204e-01,  7.4766e-01,  1.0966e+01],\n",
      "            [ 3.0660e-01,  9.1556e-01, -2.6027e-01,  8.6421e+00],\n",
      "            [ 0.0000e+00,  0.0000e+00,  0.0000e+00,  1.0000e+00]],\n",
      "\n",
      "           ...,\n",
      "\n",
      "           [[-0.0000e+00, -0.0000e+00, -0.0000e+00,  1.0266e+01],\n",
      "            [ 0.0000e+00,  0.0000e+00,  0.0000e+00,  1.1745e+01],\n",
      "            [ 0.0000e+00,  0.0000e+00,  0.0000e+00,  8.1962e+00],\n",
      "            [ 0.0000e+00,  0.0000e+00,  0.0000e+00,  1.0000e+00]],\n",
      "\n",
      "           [[-0.0000e+00, -0.0000e+00, -0.0000e+00,  1.0266e+01],\n",
      "            [ 0.0000e+00,  0.0000e+00,  0.0000e+00,  1.1745e+01],\n",
      "            [ 0.0000e+00,  0.0000e+00,  0.0000e+00,  8.1962e+00],\n",
      "            [ 0.0000e+00,  0.0000e+00,  0.0000e+00,  1.0000e+00]],\n",
      "\n",
      "           [[-0.0000e+00, -0.0000e+00, -0.0000e+00,  1.0266e+01],\n",
      "            [ 0.0000e+00,  0.0000e+00,  0.0000e+00,  1.1745e+01],\n",
      "            [ 0.0000e+00,  0.0000e+00,  0.0000e+00,  8.1962e+00],\n",
      "            [ 0.0000e+00,  0.0000e+00,  0.0000e+00,  1.0000e+00]]],\n",
      "\n",
      "\n",
      "          [[[-2.7526e-01,  9.7545e-02,  9.5641e-01,  9.3955e+00],\n",
      "            [ 8.9200e-01, -3.4514e-01,  2.9192e-01,  1.3139e+01],\n",
      "            [ 3.5857e-01,  9.3347e-01,  7.9930e-03,  5.9311e+00],\n",
      "            [ 0.0000e+00,  0.0000e+00,  0.0000e+00,  1.0000e+00]],\n",
      "\n",
      "           [[-2.7526e-01, -7.7044e-01, -5.7503e-01,  9.3955e+00],\n",
      "            [ 8.9200e-01,  1.8414e-02, -4.5166e-01,  1.3139e+01],\n",
      "            [ 3.5857e-01, -6.3725e-01,  6.8216e-01,  5.9311e+00],\n",
      "            [ 0.0000e+00,  0.0000e+00,  0.0000e+00,  1.0000e+00]],\n",
      "\n",
      "           [[ 1.9795e-01,  8.7567e-01,  4.4048e-01,  9.6833e+00],\n",
      "            [-6.6817e-01, -2.0825e-01,  7.1427e-01,  1.2168e+01],\n",
      "            [ 7.1719e-01, -4.3571e-01,  5.4387e-01,  6.9740e+00],\n",
      "            [ 0.0000e+00,  0.0000e+00,  0.0000e+00,  1.0000e+00]],\n",
      "\n",
      "           ...,\n",
      "\n",
      "           [[ 0.0000e+00,  0.0000e+00,  0.0000e+00,  9.3955e+00],\n",
      "            [ 0.0000e+00,  0.0000e+00,  0.0000e+00,  1.3139e+01],\n",
      "            [ 0.0000e+00,  0.0000e+00,  0.0000e+00,  5.9311e+00],\n",
      "            [ 0.0000e+00,  0.0000e+00,  0.0000e+00,  1.0000e+00]],\n",
      "\n",
      "           [[ 0.0000e+00,  0.0000e+00,  0.0000e+00,  9.3955e+00],\n",
      "            [ 0.0000e+00,  0.0000e+00,  0.0000e+00,  1.3139e+01],\n",
      "            [ 0.0000e+00,  0.0000e+00,  0.0000e+00,  5.9311e+00],\n",
      "            [ 0.0000e+00,  0.0000e+00,  0.0000e+00,  1.0000e+00]],\n",
      "\n",
      "           [[ 0.0000e+00,  0.0000e+00,  0.0000e+00,  9.3955e+00],\n",
      "            [ 0.0000e+00,  0.0000e+00,  0.0000e+00,  1.3139e+01],\n",
      "            [ 0.0000e+00,  0.0000e+00,  0.0000e+00,  5.9311e+00],\n",
      "            [ 0.0000e+00,  0.0000e+00,  0.0000e+00,  1.0000e+00]]]]],\n",
      "\n",
      "\n",
      "\n",
      "\n",
      "        [[[[[ 5.4987e-01,  4.2043e-01, -7.2173e-01,  4.0272e+00],\n",
      "            [ 5.3236e-01,  4.8943e-01,  6.9069e-01, -6.6435e+00],\n",
      "            [ 6.4362e-01, -7.6400e-01,  4.5304e-02, -1.5735e+01],\n",
      "            [ 0.0000e+00,  0.0000e+00,  0.0000e+00,  1.0000e+00]],\n",
      "\n",
      "           [[ 5.4987e-01,  2.3286e-01,  8.0214e-01,  4.0272e+00],\n",
      "            [ 5.3236e-01, -8.3772e-01, -1.2174e-01, -6.6435e+00],\n",
      "            [ 6.4362e-01,  4.9396e-01, -5.8460e-01, -1.5735e+01],\n",
      "            [ 0.0000e+00,  0.0000e+00,  0.0000e+00,  1.0000e+00]],\n",
      "\n",
      "           [[ 1.9655e-01, -9.7962e-01,  4.1447e-02,  4.3142e+00],\n",
      "            [ 2.6726e-01,  9.4197e-02,  9.5901e-01, -6.2533e+00],\n",
      "            [-9.4337e-01, -1.7741e-01,  2.8032e-01, -1.7113e+01],\n",
      "            [ 0.0000e+00,  0.0000e+00,  0.0000e+00,  1.0000e+00]],\n",
      "\n",
      "           ...,\n",
      "\n",
      "           [[-7.8147e-01,  5.1173e-01,  3.5698e-01,  3.0988e+00],\n",
      "            [-4.9792e-01, -8.5626e-01,  1.3745e-01, -8.8943e+00],\n",
      "            [ 3.7601e-01, -7.0333e-02,  9.2394e-01, -1.4962e+01],\n",
      "            [ 0.0000e+00,  0.0000e+00,  0.0000e+00,  1.0000e+00]],\n",
      "\n",
      "           [[ 1.7331e-01,  3.6650e-01, -9.1414e-01,  3.4168e+00],\n",
      "            [-9.8169e-01,  1.3882e-01, -1.3046e-01, -1.0696e+01],\n",
      "            [ 7.9085e-02,  9.2001e-01,  3.8384e-01, -1.4817e+01],\n",
      "            [ 0.0000e+00,  0.0000e+00,  0.0000e+00,  1.0000e+00]],\n",
      "\n",
      "           [[ 0.0000e+00,  0.0000e+00,  0.0000e+00,  3.4168e+00],\n",
      "            [ 0.0000e+00,  0.0000e+00,  0.0000e+00, -1.0696e+01],\n",
      "            [ 0.0000e+00,  0.0000e+00,  0.0000e+00, -1.4817e+01],\n",
      "            [ 0.0000e+00,  0.0000e+00,  0.0000e+00,  1.0000e+00]]],\n",
      "\n",
      "\n",
      "          [[[-2.3493e-01, -7.7447e-01, -5.8738e-01,  6.6005e+00],\n",
      "            [ 9.7149e-01, -1.6736e-01, -1.6790e-01, -5.2060e+00],\n",
      "            [ 3.1733e-02, -6.1008e-01,  7.9171e-01, -1.4067e+01],\n",
      "            [ 0.0000e+00,  0.0000e+00,  0.0000e+00,  1.0000e+00]],\n",
      "\n",
      "           [[-2.3493e-01,  9.5636e-01, -1.7374e-01,  6.6005e+00],\n",
      "            [ 9.7149e-01,  2.3686e-01, -9.8499e-03, -5.2060e+00],\n",
      "            [ 3.1733e-02, -1.7110e-01, -9.8474e-01, -1.4067e+01],\n",
      "            [ 0.0000e+00,  0.0000e+00,  0.0000e+00,  1.0000e+00]],\n",
      "\n",
      "           [[-6.3782e-01, -1.2925e-01, -7.5926e-01,  5.6692e+00],\n",
      "            [-5.0611e-01, -6.7275e-01,  5.3969e-01, -5.9449e+00],\n",
      "            [-5.8054e-01,  7.2850e-01,  3.6368e-01, -1.4915e+01],\n",
      "            [ 0.0000e+00,  0.0000e+00,  0.0000e+00,  1.0000e+00]],\n",
      "\n",
      "           ...,\n",
      "\n",
      "           [[ 5.6046e-01,  7.9073e-01,  2.4623e-01,  8.8885e+00],\n",
      "            [-5.9524e-01,  1.7789e-01,  7.8361e-01, -6.2877e+00],\n",
      "            [ 5.7582e-01, -5.8575e-01,  5.7038e-01, -1.3690e+01],\n",
      "            [ 0.0000e+00,  0.0000e+00,  0.0000e+00,  1.0000e+00]],\n",
      "\n",
      "           [[ 9.4123e-01,  2.2860e-01, -2.4863e-01,  1.0322e+01],\n",
      "            [-5.2960e-02, -6.2714e-01, -7.7711e-01, -6.3684e+00],\n",
      "            [-3.3358e-01,  7.4461e-01, -5.7817e-01, -1.4198e+01],\n",
      "            [ 0.0000e+00,  0.0000e+00,  0.0000e+00,  1.0000e+00]],\n",
      "\n",
      "           [[ 5.5874e-01,  7.9083e-01,  2.4982e-01,  1.1173e+01],\n",
      "            [-6.0266e-01,  1.8023e-01,  7.7738e-01, -7.2861e+00],\n",
      "            [ 5.6975e-01, -5.8490e-01,  5.7730e-01, -1.3330e+01],\n",
      "            [ 0.0000e+00,  0.0000e+00,  0.0000e+00,  1.0000e+00]]],\n",
      "\n",
      "\n",
      "          [[[-8.0417e-01, -4.8605e-02,  5.9241e-01,  5.2725e+00],\n",
      "            [ 2.1307e-01, -9.5399e-01,  2.1097e-01, -2.1679e+00],\n",
      "            [ 5.5490e-01,  2.9588e-01,  7.7752e-01, -1.5024e+01],\n",
      "            [ 0.0000e+00,  0.0000e+00,  0.0000e+00,  1.0000e+00]],\n",
      "\n",
      "           [[-8.0417e-01, -3.9634e-01, -4.4298e-01,  5.2725e+00],\n",
      "            [ 2.1307e-01,  5.0350e-01, -8.3731e-01, -2.1679e+00],\n",
      "            [ 5.5490e-01, -7.6772e-01, -3.2045e-01, -1.5024e+01],\n",
      "            [ 0.0000e+00,  0.0000e+00,  0.0000e+00,  1.0000e+00]],\n",
      "\n",
      "           [[ 2.3957e-01,  9.4948e-01, -2.0271e-01,  5.6220e+00],\n",
      "            [-9.6758e-01,  2.5070e-01,  3.0736e-02, -3.5793e+00],\n",
      "            [ 8.0002e-02,  1.8877e-01,  9.7876e-01, -1.4907e+01],\n",
      "            [ 0.0000e+00,  0.0000e+00,  0.0000e+00,  1.0000e+00]],\n",
      "\n",
      "           ...,\n",
      "\n",
      "           [[-0.0000e+00, -0.0000e+00, -0.0000e+00,  5.0062e+00],\n",
      "            [ 0.0000e+00,  0.0000e+00,  0.0000e+00, -1.7777e+00],\n",
      "            [ 0.0000e+00,  0.0000e+00,  0.0000e+00, -1.6489e+01],\n",
      "            [ 0.0000e+00,  0.0000e+00,  0.0000e+00,  1.0000e+00]],\n",
      "\n",
      "           [[-0.0000e+00, -0.0000e+00, -0.0000e+00,  5.0062e+00],\n",
      "            [ 0.0000e+00,  0.0000e+00,  0.0000e+00, -1.7777e+00],\n",
      "            [ 0.0000e+00,  0.0000e+00,  0.0000e+00, -1.6489e+01],\n",
      "            [ 0.0000e+00,  0.0000e+00,  0.0000e+00,  1.0000e+00]],\n",
      "\n",
      "           [[-0.0000e+00, -0.0000e+00, -0.0000e+00,  5.0062e+00],\n",
      "            [ 0.0000e+00,  0.0000e+00,  0.0000e+00, -1.7777e+00],\n",
      "            [ 0.0000e+00,  0.0000e+00,  0.0000e+00, -1.6489e+01],\n",
      "            [ 0.0000e+00,  0.0000e+00,  0.0000e+00,  1.0000e+00]]],\n",
      "\n",
      "\n",
      "          ...,\n",
      "\n",
      "\n",
      "          [[[ 7.9613e-01, -1.5537e-01, -5.8484e-01,  7.2336e+00],\n",
      "            [ 4.8770e-01, -4.0740e-01,  7.7212e-01,  8.7893e+00],\n",
      "            [-3.5823e-01, -8.9994e-01, -2.4857e-01,  8.9076e+00],\n",
      "            [ 0.0000e+00,  0.0000e+00,  0.0000e+00,  1.0000e+00]],\n",
      "\n",
      "           [[ 7.9613e-01,  5.3355e-01,  2.8547e-01,  7.2336e+00],\n",
      "            [ 4.8770e-01, -2.8647e-01, -8.2467e-01,  8.7893e+00],\n",
      "            [-3.5823e-01,  7.9577e-01, -4.8828e-01,  8.9076e+00],\n",
      "            [ 0.0000e+00,  0.0000e+00,  0.0000e+00,  1.0000e+00]],\n",
      "\n",
      "           [[-4.3114e-01, -8.8958e-01,  1.5085e-01,  6.6039e+00],\n",
      "            [-5.5547e-01,  3.9344e-01,  7.3257e-01,  7.9779e+00],\n",
      "            [-7.1103e-01,  2.3205e-01, -6.6377e-01,  7.8690e+00],\n",
      "            [ 0.0000e+00,  0.0000e+00,  0.0000e+00,  1.0000e+00]],\n",
      "\n",
      "           ...,\n",
      "\n",
      "           [[ 0.0000e+00,  0.0000e+00,  0.0000e+00,  7.2336e+00],\n",
      "            [ 0.0000e+00,  0.0000e+00,  0.0000e+00,  8.7893e+00],\n",
      "            [-0.0000e+00, -0.0000e+00, -0.0000e+00,  8.9076e+00],\n",
      "            [ 0.0000e+00,  0.0000e+00,  0.0000e+00,  1.0000e+00]],\n",
      "\n",
      "           [[ 0.0000e+00,  0.0000e+00,  0.0000e+00,  7.2336e+00],\n",
      "            [ 0.0000e+00,  0.0000e+00,  0.0000e+00,  8.7893e+00],\n",
      "            [-0.0000e+00, -0.0000e+00, -0.0000e+00,  8.9076e+00],\n",
      "            [ 0.0000e+00,  0.0000e+00,  0.0000e+00,  1.0000e+00]],\n",
      "\n",
      "           [[ 0.0000e+00,  0.0000e+00,  0.0000e+00,  7.2336e+00],\n",
      "            [ 0.0000e+00,  0.0000e+00,  0.0000e+00,  8.7893e+00],\n",
      "            [-0.0000e+00, -0.0000e+00, -0.0000e+00,  8.9076e+00],\n",
      "            [ 0.0000e+00,  0.0000e+00,  0.0000e+00,  1.0000e+00]]],\n",
      "\n",
      "\n",
      "          [[[-1.2264e-01, -9.4012e-01, -3.1802e-01,  9.9242e+00],\n",
      "            [ 5.2288e-01, -3.3357e-01,  7.8443e-01,  1.1592e+01],\n",
      "            [-8.4354e-01, -7.0087e-02,  5.3248e-01,  8.4737e+00],\n",
      "            [ 0.0000e+00,  0.0000e+00,  0.0000e+00,  1.0000e+00]],\n",
      "\n",
      "           [[-1.2264e-01,  8.7678e-01, -4.6499e-01,  9.9242e+00],\n",
      "            [ 5.2288e-01, -3.4115e-01, -7.8116e-01,  1.1592e+01],\n",
      "            [-8.4354e-01, -3.3894e-01, -4.1661e-01,  8.4737e+00],\n",
      "            [ 0.0000e+00,  0.0000e+00,  0.0000e+00,  1.0000e+00]],\n",
      "\n",
      "           [[-8.1610e-01,  5.8989e-02, -5.7489e-01,  8.7374e+00],\n",
      "            [-5.1235e-01,  3.8636e-01,  7.6696e-01,  1.0847e+01],\n",
      "            [ 2.6736e-01,  9.2046e-01, -2.8508e-01,  8.8625e+00],\n",
      "            [ 0.0000e+00,  0.0000e+00,  0.0000e+00,  1.0000e+00]],\n",
      "\n",
      "           ...,\n",
      "\n",
      "           [[-0.0000e+00, -0.0000e+00, -0.0000e+00,  9.9242e+00],\n",
      "            [ 0.0000e+00,  0.0000e+00,  0.0000e+00,  1.1592e+01],\n",
      "            [ 0.0000e+00,  0.0000e+00,  0.0000e+00,  8.4737e+00],\n",
      "            [ 0.0000e+00,  0.0000e+00,  0.0000e+00,  1.0000e+00]],\n",
      "\n",
      "           [[-0.0000e+00, -0.0000e+00, -0.0000e+00,  9.9242e+00],\n",
      "            [ 0.0000e+00,  0.0000e+00,  0.0000e+00,  1.1592e+01],\n",
      "            [ 0.0000e+00,  0.0000e+00,  0.0000e+00,  8.4737e+00],\n",
      "            [ 0.0000e+00,  0.0000e+00,  0.0000e+00,  1.0000e+00]],\n",
      "\n",
      "           [[-0.0000e+00, -0.0000e+00, -0.0000e+00,  9.9242e+00],\n",
      "            [ 0.0000e+00,  0.0000e+00,  0.0000e+00,  1.1592e+01],\n",
      "            [ 0.0000e+00,  0.0000e+00,  0.0000e+00,  8.4737e+00],\n",
      "            [ 0.0000e+00,  0.0000e+00,  0.0000e+00,  1.0000e+00]]],\n",
      "\n",
      "\n",
      "          [[[-2.5337e-01,  8.0567e-02,  9.6401e-01,  9.0131e+00],\n",
      "            [ 9.1396e-01, -3.0662e-01,  2.6584e-01,  1.3336e+01],\n",
      "            [ 3.1700e-01,  9.4842e-01,  4.0521e-03,  6.1246e+00],\n",
      "            [ 0.0000e+00,  0.0000e+00,  0.0000e+00,  1.0000e+00]],\n",
      "\n",
      "           [[-2.5337e-01, -7.6572e-01, -5.9117e-01,  9.0131e+00],\n",
      "            [ 9.1396e-01,  1.0779e-02, -4.0567e-01,  1.3336e+01],\n",
      "            [ 3.1700e-01, -6.4309e-01,  6.9710e-01,  6.1246e+00],\n",
      "            [ 0.0000e+00,  0.0000e+00,  0.0000e+00,  1.0000e+00]],\n",
      "\n",
      "           [[ 1.7373e-01,  8.7416e-01,  4.5350e-01,  9.2658e+00],\n",
      "            [-6.4140e-01, -2.4900e-01,  7.2568e-01,  1.2403e+01],\n",
      "            [ 7.4728e-01, -4.1695e-01,  5.1742e-01,  7.2113e+00],\n",
      "            [ 0.0000e+00,  0.0000e+00,  0.0000e+00,  1.0000e+00]],\n",
      "\n",
      "           ...,\n",
      "\n",
      "           [[ 0.0000e+00,  0.0000e+00,  0.0000e+00,  9.0131e+00],\n",
      "            [ 0.0000e+00,  0.0000e+00,  0.0000e+00,  1.3336e+01],\n",
      "            [ 0.0000e+00,  0.0000e+00,  0.0000e+00,  6.1246e+00],\n",
      "            [ 0.0000e+00,  0.0000e+00,  0.0000e+00,  1.0000e+00]],\n",
      "\n",
      "           [[ 0.0000e+00,  0.0000e+00,  0.0000e+00,  9.0131e+00],\n",
      "            [ 0.0000e+00,  0.0000e+00,  0.0000e+00,  1.3336e+01],\n",
      "            [ 0.0000e+00,  0.0000e+00,  0.0000e+00,  6.1246e+00],\n",
      "            [ 0.0000e+00,  0.0000e+00,  0.0000e+00,  1.0000e+00]],\n",
      "\n",
      "           [[ 0.0000e+00,  0.0000e+00,  0.0000e+00,  9.0131e+00],\n",
      "            [ 0.0000e+00,  0.0000e+00,  0.0000e+00,  1.3336e+01],\n",
      "            [ 0.0000e+00,  0.0000e+00,  0.0000e+00,  6.1246e+00],\n",
      "            [ 0.0000e+00,  0.0000e+00,  0.0000e+00,  1.0000e+00]]]]],\n",
      "\n",
      "\n",
      "\n",
      "\n",
      "        [[[[[ 5.5450e-01,  4.1291e-01, -7.2252e-01,  3.7227e+00],\n",
      "            [ 5.2439e-01,  5.0078e-01,  6.8864e-01, -6.6513e+00],\n",
      "            [ 6.4617e-01, -7.6074e-01,  6.1158e-02, -1.5387e+01],\n",
      "            [ 0.0000e+00,  0.0000e+00,  0.0000e+00,  1.0000e+00]],\n",
      "\n",
      "           [[ 5.5450e-01,  2.3987e-01,  7.9686e-01,  3.7227e+00],\n",
      "            [ 5.2439e-01, -8.4424e-01, -1.1077e-01, -6.6513e+00],\n",
      "            [ 6.4617e-01,  4.7929e-01, -5.9392e-01, -1.5387e+01],\n",
      "            [ 0.0000e+00,  0.0000e+00,  0.0000e+00,  1.0000e+00]],\n",
      "\n",
      "           [[ 1.8787e-01, -9.8131e-01,  4.1585e-02,  3.9971e+00],\n",
      "            [ 2.8070e-01,  9.4217e-02,  9.5516e-01, -6.2415e+00],\n",
      "            [-9.4123e-01, -1.6778e-01,  2.9316e-01, -1.6761e+01],\n",
      "            [ 0.0000e+00,  0.0000e+00,  0.0000e+00,  1.0000e+00]],\n",
      "\n",
      "           ...,\n",
      "\n",
      "           [[-7.7548e-01,  5.1465e-01,  3.6573e-01,  2.8078e+00],\n",
      "            [-5.0365e-01, -8.5357e-01,  1.3322e-01, -8.9130e+00],\n",
      "            [ 3.8074e-01, -8.0890e-02,  9.2114e-01, -1.4629e+01],\n",
      "            [ 0.0000e+00,  0.0000e+00,  0.0000e+00,  1.0000e+00]],\n",
      "\n",
      "           [[ 1.7830e-01,  3.7075e-01, -9.1146e-01,  3.1349e+00],\n",
      "            [-9.8140e-01,  1.3398e-01, -1.3748e-01, -1.0714e+01],\n",
      "            [ 7.1146e-02,  9.1902e-01,  3.8774e-01, -1.4499e+01],\n",
      "            [ 0.0000e+00,  0.0000e+00,  0.0000e+00,  1.0000e+00]],\n",
      "\n",
      "           [[ 0.0000e+00,  0.0000e+00,  0.0000e+00,  3.1349e+00],\n",
      "            [ 0.0000e+00,  0.0000e+00,  0.0000e+00, -1.0714e+01],\n",
      "            [ 0.0000e+00,  0.0000e+00,  0.0000e+00, -1.4499e+01],\n",
      "            [ 0.0000e+00,  0.0000e+00,  0.0000e+00,  1.0000e+00]]],\n",
      "\n",
      "\n",
      "          [[[-2.3350e-01, -7.6510e-01, -6.0009e-01,  6.4444e+00],\n",
      "            [ 9.7210e-01, -1.6956e-01, -1.6207e-01, -5.2690e+00],\n",
      "            [ 2.2251e-02, -6.2119e-01,  7.8334e-01, -1.3742e+01],\n",
      "            [ 0.0000e+00,  0.0000e+00,  0.0000e+00,  1.0000e+00]],\n",
      "\n",
      "           [[-2.3350e-01,  9.5932e-01, -1.5869e-01,  6.4444e+00],\n",
      "            [ 9.7210e-01,  2.3405e-01, -1.5523e-02, -5.2690e+00],\n",
      "            [ 2.2251e-02, -1.5789e-01, -9.8721e-01, -1.3742e+01],\n",
      "            [ 0.0000e+00,  0.0000e+00,  0.0000e+00,  1.0000e+00]],\n",
      "\n",
      "           [[-6.2960e-01, -1.4164e-01, -7.6390e-01,  5.5251e+00],\n",
      "            [-5.0839e-01, -6.6840e-01,  5.4294e-01, -6.0113e+00],\n",
      "            [-5.8749e-01,  7.3019e-01,  3.4882e-01, -1.4600e+01],\n",
      "            [ 0.0000e+00,  0.0000e+00,  0.0000e+00,  1.0000e+00]],\n",
      "\n",
      "           ...,\n",
      "\n",
      "           [[ 5.5016e-01,  8.0057e-01,  2.3750e-01,  8.7240e+00],\n",
      "            [-5.9286e-01,  1.7417e-01,  7.8625e-01, -6.3528e+00],\n",
      "            [ 5.8808e-01, -5.7336e-01,  5.7045e-01, -1.3322e+01],\n",
      "            [ 0.0000e+00,  0.0000e+00,  0.0000e+00,  1.0000e+00]],\n",
      "\n",
      "           [[ 9.4661e-01,  2.1544e-01, -2.3981e-01,  1.0166e+01],\n",
      "            [-5.5544e-02, -6.2378e-01, -7.7962e-01, -6.4374e+00],\n",
      "            [-3.1755e-01,  7.5132e-01, -5.7851e-01, -1.3805e+01],\n",
      "            [ 0.0000e+00,  0.0000e+00,  0.0000e+00,  1.0000e+00]],\n",
      "\n",
      "           [[ 5.4847e-01,  8.0077e-01,  2.4072e-01,  1.1001e+01],\n",
      "            [-6.0050e-01,  1.7687e-01,  7.7982e-01, -7.3518e+00],\n",
      "            [ 5.8188e-01, -5.7226e-01,  5.7787e-01, -1.2919e+01],\n",
      "            [ 0.0000e+00,  0.0000e+00,  0.0000e+00,  1.0000e+00]]],\n",
      "\n",
      "\n",
      "          [[[-7.9917e-01, -5.3618e-02,  5.9871e-01,  5.2791e+00],\n",
      "            [ 2.1933e-01, -9.5336e-01,  2.0738e-01, -2.1459e+00],\n",
      "            [ 5.5967e-01,  2.9705e-01,  7.7365e-01, -1.4762e+01],\n",
      "            [ 0.0000e+00,  0.0000e+00,  0.0000e+00,  1.0000e+00]],\n",
      "\n",
      "           [[-7.9917e-01, -3.9710e-01, -4.5127e-01,  5.2791e+00],\n",
      "            [ 2.1933e-01,  5.0634e-01, -8.3397e-01, -2.1459e+00],\n",
      "            [ 5.5967e-01, -7.6546e-01, -3.1756e-01, -1.4762e+01],\n",
      "            [ 0.0000e+00,  0.0000e+00,  0.0000e+00,  1.0000e+00]],\n",
      "\n",
      "           [[ 2.3311e-01,  9.5236e-01, -1.9664e-01,  5.6191e+00],\n",
      "            [-9.6920e-01,  2.4404e-01,  3.2987e-02, -3.5597e+00],\n",
      "            [ 7.9404e-02,  1.8289e-01,  9.7992e-01, -1.4647e+01],\n",
      "            [ 0.0000e+00,  0.0000e+00,  0.0000e+00,  1.0000e+00]],\n",
      "\n",
      "           ...,\n",
      "\n",
      "           [[-0.0000e+00, -0.0000e+00, -0.0000e+00,  5.0065e+00],\n",
      "            [ 0.0000e+00,  0.0000e+00,  0.0000e+00, -1.7551e+00],\n",
      "            [ 0.0000e+00,  0.0000e+00,  0.0000e+00, -1.6227e+01],\n",
      "            [ 0.0000e+00,  0.0000e+00,  0.0000e+00,  1.0000e+00]],\n",
      "\n",
      "           [[-0.0000e+00, -0.0000e+00, -0.0000e+00,  5.0065e+00],\n",
      "            [ 0.0000e+00,  0.0000e+00,  0.0000e+00, -1.7551e+00],\n",
      "            [ 0.0000e+00,  0.0000e+00,  0.0000e+00, -1.6227e+01],\n",
      "            [ 0.0000e+00,  0.0000e+00,  0.0000e+00,  1.0000e+00]],\n",
      "\n",
      "           [[-0.0000e+00, -0.0000e+00, -0.0000e+00,  5.0065e+00],\n",
      "            [ 0.0000e+00,  0.0000e+00,  0.0000e+00, -1.7551e+00],\n",
      "            [ 0.0000e+00,  0.0000e+00,  0.0000e+00, -1.6227e+01],\n",
      "            [ 0.0000e+00,  0.0000e+00,  0.0000e+00,  1.0000e+00]]],\n",
      "\n",
      "\n",
      "          ...,\n",
      "\n",
      "\n",
      "          [[[ 7.9582e-01, -1.6823e-01, -5.8169e-01,  7.1476e+00],\n",
      "            [ 4.8122e-01, -4.0738e-01,  7.7619e-01,  8.5930e+00],\n",
      "            [-3.6755e-01, -8.9763e-01, -2.4325e-01,  8.9066e+00],\n",
      "            [ 0.0000e+00,  0.0000e+00,  0.0000e+00,  1.0000e+00]],\n",
      "\n",
      "           [[ 7.9582e-01,  5.3940e-01,  2.7515e-01,  7.1476e+00],\n",
      "            [ 4.8122e-01, -2.8757e-01, -8.2809e-01,  8.5930e+00],\n",
      "            [-3.6755e-01,  7.9142e-01, -4.8842e-01,  8.9066e+00],\n",
      "            [ 0.0000e+00,  0.0000e+00,  0.0000e+00,  1.0000e+00]],\n",
      "\n",
      "           [[-4.4304e-01, -8.8422e-01,  1.4790e-01,  6.5005e+00],\n",
      "            [-5.5313e-01,  3.9943e-01,  7.3110e-01,  7.7851e+00],\n",
      "            [-7.0553e-01,  2.4210e-01, -6.6605e-01,  7.8761e+00],\n",
      "            [ 0.0000e+00,  0.0000e+00,  0.0000e+00,  1.0000e+00]],\n",
      "\n",
      "           ...,\n",
      "\n",
      "           [[ 0.0000e+00,  0.0000e+00,  0.0000e+00,  7.1476e+00],\n",
      "            [ 0.0000e+00,  0.0000e+00,  0.0000e+00,  8.5930e+00],\n",
      "            [-0.0000e+00, -0.0000e+00, -0.0000e+00,  8.9066e+00],\n",
      "            [ 0.0000e+00,  0.0000e+00,  0.0000e+00,  1.0000e+00]],\n",
      "\n",
      "           [[ 0.0000e+00,  0.0000e+00,  0.0000e+00,  7.1476e+00],\n",
      "            [ 0.0000e+00,  0.0000e+00,  0.0000e+00,  8.5930e+00],\n",
      "            [-0.0000e+00, -0.0000e+00, -0.0000e+00,  8.9066e+00],\n",
      "            [ 0.0000e+00,  0.0000e+00,  0.0000e+00,  1.0000e+00]],\n",
      "\n",
      "           [[ 0.0000e+00,  0.0000e+00,  0.0000e+00,  7.1476e+00],\n",
      "            [ 0.0000e+00,  0.0000e+00,  0.0000e+00,  8.5930e+00],\n",
      "            [-0.0000e+00, -0.0000e+00, -0.0000e+00,  8.9066e+00],\n",
      "            [ 0.0000e+00,  0.0000e+00,  0.0000e+00,  1.0000e+00]]],\n",
      "\n",
      "\n",
      "          [[[-1.2140e-01, -9.4128e-01, -3.1504e-01,  9.7055e+00],\n",
      "            [ 5.2416e-01, -3.3032e-01,  7.8495e-01,  1.1342e+01],\n",
      "            [-8.4292e-01, -6.9845e-02,  5.3349e-01,  8.3283e+00],\n",
      "            [ 0.0000e+00,  0.0000e+00,  0.0000e+00,  1.0000e+00]],\n",
      "\n",
      "           [[-1.2140e-01,  8.7684e-01, -4.6521e-01,  9.7055e+00],\n",
      "            [ 5.2416e-01, -3.4137e-01, -7.8020e-01,  1.1342e+01],\n",
      "            [-8.4292e-01, -3.3856e-01, -4.1817e-01,  8.3283e+00],\n",
      "            [ 0.0000e+00,  0.0000e+00,  0.0000e+00,  1.0000e+00]],\n",
      "\n",
      "           [[-8.1766e-01,  6.1912e-02, -5.7236e-01,  8.5165e+00],\n",
      "            [-5.0987e-01,  3.8380e-01,  7.6989e-01,  1.0600e+01],\n",
      "            [ 2.6734e-01,  9.2134e-01, -2.8225e-01,  8.7171e+00],\n",
